{
  "accessors": [
    {
      "bufferView": 0,
      "componentType": 5126,
      "count": 4225,
      "max": [
        12.0,
        0.0,
        12.0
      ],
      "min": [
        -12.0,
        0.0,
        -12.0
      ],
      "type": "VEC3"
    },
    {
      "bufferView": 1,
      "componentType": 5126,
      "count": 4225,
      "type": "VEC3"
    },
    {
      "bufferView": 2,
      "componentType": 5126,
      "count": 4225,
      "type": "VEC2"
    },
    {
      "bufferView": 3,
      "componentType": 5125,
      "count": 24576,
      "type": "SCALAR"
    },
    {
      "bufferView": 4,
      "componentType": 5126,
      "count": 8385,
      "max": [
        0.800000011920929,
        0.800000011920929,
        0.800000011920929
      ],
      "min": [
        -0.800000011920929,
        -0.800000011920929,
        -0.800000011920929
      ],
      "type": "VEC3"
    },
    {
      "bufferView": 5,
      "componentType": 5126,
      "count": 8385,
      "type": "VEC3"
    },
    {
      "bufferView": 6,
      "componentType": 5126,
      "count": 8385,
      "type": "VEC2"
    },
    {
      "bufferView": 7,
      "componentType": 5125,
      "count": 49152,
      "type": "SCALAR"
    },
    {
      "bufferView": 8,
      "componentType": 5126,
      "count": 12675,
      "max": [
        0.999862551689148,
        0.999862551689148,
        0.750000059604645
      ],
      "min": [
        -0.999862551689148,
        -0.999862551689148,
        -1.0
      ],
      "type": "VEC3"
    },
    {
      "bufferView": 9,
      "componentType": 5126,
      "count": 12675,
      "type": "VEC3"
    },
    {
      "bufferView": 10,
      "componentType": 5126,
      "count": 12675,
      "type": "VEC2"
    },
    {
      "bufferView": 11,
      "componentType": 5125,
      "count": 73728,
      "type": "SCALAR"
    }
  ],
  "asset": {
    "generator": "Yocto/gltf",
    "version": "2.0"
  },
  "bufferViews": [
    {
      "buffer": 0,
      "byteLength": 50700,
      "target": 34962
    },
    {
      "buffer": 0,
      "byteLength": 50700,
      "byteOffset": 50700,
      "target": 34962
    },
    {
      "buffer": 0,
      "byteLength": 33800,
      "byteOffset": 101400,
      "target": 34962
    },
    {
      "buffer": 0,
      "byteLength": 98304,
      "byteOffset": 135200,
      "target": 34962
    },
    {
      "buffer": 0,
      "byteLength": 100620,
      "byteOffset": 233504,
      "target": 34962
    },
    {
      "buffer": 0,
      "byteLength": 100620,
      "byteOffset": 334124,
      "target": 34962
    },
    {
      "buffer": 0,
      "byteLength": 67080,
      "byteOffset": 434744,
      "target": 34962
    },
    {
      "buffer": 0,
      "byteLength": 196608,
      "byteOffset": 501824,
      "target": 34962
    },
    {
      "buffer": 0,
      "byteLength": 152100,
      "byteOffset": 698432,
      "target": 34962
    },
    {
      "buffer": 0,
      "byteLength": 152100,
      "byteOffset": 850532,
      "target": 34962
    },
    {
      "buffer": 0,
      "byteLength": 101400,
      "byteOffset": 1002632,
      "target": 34962
    },
    {
      "buffer": 0,
      "byteLength": 294912,
      "byteOffset": 1104032,
      "target": 34962
    }
  ],
  "buffers": [
    {
      "byteLength": 1398944,
      "uri": "matball_plastic03_envlight.bin"
    }
  ],
  "cameras": [
    {
      "name": "cam",
      "perspective": {
        "aspectRatio": 1.0,
        "yfov": 0.261799395084381,
        "zfar": 10000.0,
        "znear": 0.00999999977648258
      },
      "type": "perspective"
    }
  ],
  "images": [
    {
      "uri": "grid.png"
    },
    {
      "uri": "env.hdr"
    }
  ],
  "materials": [
    {
      "name": "floor_txt",
      "pbrMetallicRoughness": {
        "baseColorTexture": {
          "index": 0
        },
        "metallicFactor": 0.0
      }
    },
    {
      "name": "plastic03",
      "pbrMetallicRoughness": {
        "baseColorFactor": [
          0.200000002980232,
          0.200000002980232,
          0.5,
          1.0
        ],
        "metallicFactor": 0.0,
        "roughnessFactor": 0.100000001490116
      }
    },
    {
      "name": "matte00",
      "pbrMetallicRoughness": {
        "baseColorFactor": [
          0.200000002980232,
          0.200000002980232,
          0.200000002980232,
          1.0
        ],
        "metallicFactor": 0.0
      }
    }
  ],
  "meshes": [
    {
      "name": "floor",
      "primitives": [
        {
          "attributes": {
            "NORMAL": 1,
            "POSITION": 0,
            "TEXCOORD_0": 2
          },
          "indices": 3,
          "material": 0
        }
      ]
    },
    {
      "name": "intmatball",
      "primitives": [
        {
          "attributes": {
            "NORMAL": 5,
            "POSITION": 4,
            "TEXCOORD_0": 6
          },
          "indices": 7,
          "material": 2
        }
      ]
    },
    {
      "name": "matball",
      "primitives": [
        {
          "attributes": {
            "NORMAL": 9,
            "POSITION": 8,
            "TEXCOORD_0": 10
          },
          "indices": 11,
          "material": 1
        }
      ]
    }
  ],
  "nodes": [
    {
      "mesh": 0,
      "name": "floor"
    },
    {
      "matrix": [
        0.579227924346924,
        0.579227924346924,
        -0.573576509952545,
        0.0,
        -0.70710676908493,
        0.70710676908493,
        0.0,
        0.0,
        0.405579835176468,
        0.405579835176468,
        0.819151997566223,
        0.0,
        0.0,
        1.0,
        0.0,
        1.0
      ],
      "mesh": 1,
      "name": "intmatball"
    },
    {
      "matrix": [
        0.579227924346924,
        0.579227924346924,
        -0.573576509952545,
        0.0,
        -0.70710676908493,
        0.70710676908493,
        0.0,
        0.0,
        0.405579835176468,
        0.405579835176468,
        0.819151997566223,
        0.0,
        0.0,
        1.0,
        0.0,
        1.0
      ],
      "mesh": 2,
      "name": "matball"
    },
    {
      "camera": 0,
      "matrix": [
        0.999999940395355,
        0.0,
        0.0,
        0.0,
        0.0,
        0.894427299499512,
        -0.447213649749756,
        0.0,
        0.0,
        0.447213619947433,
        0.894427239894867,
        0.0,
        0.0,
        6.0,
        10.0,
        1.0
      ],
      "name": "cam"
    }
  ],
  "scene": 0,
  "scenes": [
    {
      "name": "scene",
      "nodes": [
        0,
        1,
        2,
        3
      ]
    }
  ],
  "textures": [
    {
      "source": 0
    }
  ]
}