{
  "accessors": [
    {
      "componentType": 5126,
      "count": 4225,
      "max": [
        20.0,
        0.0,
        20.0
      ],
      "min": [
        -20.0,
        0.0,
        -20.0
      ],
      "type": "VEC3"
    },
    {
      "componentType": 5126,
      "count": 4225,
      "type": "VEC3"
    },
    {
      "componentType": 5126,
      "count": 4225,
      "type": "VEC2"
    },
    {
      "componentType": 5125,
      "count": 24576,
      "type": "SCALAR"
    },
    {
      "componentType": 5126,
      "count": 8385,
      "max": [
        1.0,
        1.0,
        0.740951120853424
      ],
      "min": [
        -1.0,
        -1.0,
        -0.740951240062714
      ],
      "type": "VEC3"
    },
    {
      "componentType": 5126,
      "count": 8385,
      "type": "VEC3"
    },
    {
      "componentType": 5126,
      "count": 8385,
      "type": "VEC2"
    },
    {
      "componentType": 5125,
      "count": 49152,
      "type": "SCALAR"
    },
    {
      "componentType": 5126,
      "count": 1734,
      "max": [
        1.0,
        1.0,
        1.0
      ],
      "min": [
        -1.0,
        -1.0,
        -1.0
      ],
      "type": "VEC3"
    },
    {
      "componentType": 5126,
      "count": 1734,
      "type": "VEC3"
    },
    {
      "componentType": 5126,
      "count": 1734,
      "type": "VEC2"
    },
    {
      "componentType": 5125,
      "count": 9216,
      "type": "SCALAR"
    },
    {
      "componentType": 5126,
      "count": 4,
      "max": [
        2.0,
        2.0,
        0.0
      ],
      "min": [
        -2.0,
        -2.0,
        0.0
      ],
      "type": "VEC3"
    },
    {
      "componentType": 5126,
      "count": 4,
      "type": "VEC3"
    },
    {
      "componentType": 5126,
      "count": 4,
      "type": "VEC2"
    },
    {
      "componentType": 5125,
      "count": 6,
      "type": "SCALAR"
    }
  ],
  "asset": {
    "generator": "Yocto/gltf",
    "version": "2.0"
  },
  "bufferViews": [
    {
      "buffer": 0,
      "byteLength": 50700,
      "target": 34962
    },
    {
      "buffer": 0,
      "byteLength": 50700,
      "byteOffset": 50700,
      "target": 34962
    },
    {
      "buffer": 0,
      "byteLength": 33800,
      "byteOffset": 101400,
      "target": 34962
    },
    {
      "buffer": 0,
      "byteLength": 98304,
      "byteOffset": 135200,
      "target": 34962
    },
    {
      "buffer": 0,
      "byteLength": 100620,
      "byteOffset": 233504,
      "target": 34962
    },
    {
      "buffer": 0,
      "byteLength": 100620,
      "byteOffset": 334124,
      "target": 34962
    },
    {
      "buffer": 0,
      "byteLength": 67080,
      "byteOffset": 434744,
      "target": 34962
    },
    {
      "buffer": 0,
      "byteLength": 196608,
      "byteOffset": 501824,
      "target": 34962
    },
    {
      "buffer": 0,
      "byteLength": 20808,
      "byteOffset": 698432,
      "target": 34962
    },
    {
      "buffer": 0,
      "byteLength": 20808,
      "byteOffset": 719240,
      "target": 34962
    },
    {
      "buffer": 0,
      "byteLength": 13872,
      "byteOffset": 740048,
      "target": 34962
    },
    {
      "buffer": 0,
      "byteLength": 36864,
      "byteOffset": 753920,
      "target": 34962
    },
    {
      "buffer": 0,
      "byteLength": 48,
      "byteOffset": 790784,
      "target": 34962
    },
    {
      "buffer": 0,
      "byteLength": 48,
      "byteOffset": 790832,
      "target": 34962
    },
    {
      "buffer": 0,
      "byteLength": 32,
      "byteOffset": 790880,
      "target": 34962
    },
    {
      "buffer": 0,
      "byteLength": 24,
      "byteOffset": 790912,
      "target": 34962
    }
  ],
  "buffers": [
    {
      "byteLength": 790936,
      "uri": "simple_arealight.bin"
    }
  ],
  "cameras": [
    {
      "name": "cam",
      "perspective": {
        "aspectRatio": 1.77777779102325,
        "yfov": 0.261799395084381,
        "zfar": 10000.0,
        "znear": 0.00999999977648258
      },
      "type": "perspective"
    },
    {
      "name": "cam_dof",
      "perspective": {
        "aspectRatio": 1.77777779102325,
        "yfov": 0.261799395084381,
        "zfar": 10000.0,
        "znear": 0.00999999977648258
      },
      "type": "perspective"
    }
  ],
  "images": [
    {
      "bufferView": -1,
      "uri": "grid.png"
    },
    {
      "bufferView": -1,
      "uri": "rcolored.png"
    },
    {
      "bufferView": -1,
      "uri": "colored.png"
    }
  ],
  "materials": [
    {
      "name": "floor_txt",
      "pbrMetallicRoughness": {
        "baseColorTexture": {
          "index": 0
        },
        "metallicFactor": 0.0
      }
    },
    {
      "name": "obj01",
      "pbrMetallicRoughness": {
        "baseColorTexture": {
          "index": 1
        },
        "metallicFactor": 0.0,
        "roughnessFactor": 0.31622776389122
      }
    },
    {
      "name": "obj02",
      "pbrMetallicRoughness": {
        "baseColorTexture": {
          "index": 2
        },
        "metallicFactor": 0.0,
        "roughnessFactor": 0.100000001490116
      }
    },
    {
      "emissiveFactor": [
        40.0,
        40.0,
        40.0
      ],
      "name": "arealight",
      "pbrMetallicRoughness": {
        "baseColorFactor": [
          0.0,
          0.0,
          0.0,
          1.0
        ],
        "metallicFactor": 0.0
      }
    }
  ],
  "meshes": [
    {
      "name": "floor",
      "primitives": [
        {
          "attributes": {
            "NORMAL": 1,
            "POSITION": 0,
            "TEXCOORD_0": 2
          }
        }
      ]
    },
    {
      "name": "obj01",
      "primitives": [
        {
          "attributes": {
            "NORMAL": 5,
            "POSITION": 4,
            "TEXCOORD_0": 6
          }
        }
      ]
    },
    {
      "name": "obj02",
      "primitives": [
        {
          "attributes": {
            "NORMAL": 9,
            "POSITION": 8,
            "TEXCOORD_0": 10
          }
        }
      ]
    },
    {
      "name": "arealight",
      "primitives": [
        {
          "attributes": {
            "NORMAL": 13,
            "POSITION": 12,
            "TEXCOORD_0": 14
          }
        }
      ]
    }
  ],
  "nodes": [
    {
      "camera": -1,
      "name": "floor",
      "skin": -1
    },
    {
      "camera": -1,
      "matrix": [
        1.0,
        0.0,
        0.0,
        0.0,
        0.0,
        1.0,
        0.0,
        0.0,
        0.0,
        0.0,
        1.0,
        0.0,
        -1.25,
        1.0,
        0.0,
        1.0
      ],
      "name": "obj01",
      "skin": -1
    },
    {
      "camera": -1,
      "matrix": [
        1.0,
        0.0,
        0.0,
        0.0,
        0.0,
        1.0,
        0.0,
        0.0,
        0.0,
        0.0,
        1.0,
        0.0,
        1.25,
        1.0,
        0.0,
        1.0
      ],
      "name": "obj03",
      "skin": -1
    },
    {
      "camera": -1,
      "matrix": [
        -0.894427120685577,
        0.0,
        -0.447213560342789,
        0.0,
        0.0975900143384933,
        0.975900173187256,
        -0.195180028676987,
        0.0,
        0.436435759067535,
        -0.218217879533768,
        -0.872871518135071,
        0.0,
        -4.0,
        5.0,
        8.0,
        1.0
      ],
      "name": "arealight01",
      "skin": -1
    },
    {
      "camera": -1,
      "matrix": [
        -0.894427120685577,
        -0.0,
        0.447213560342789,
        0.0,
        -0.0975900143384933,
        0.975900173187256,
        -0.195180028676987,
        0.0,
        -0.436435759067535,
        -0.218217879533768,
        -0.872871518135071,
        0.0,
        4.0,
        5.0,
        8.0,
        1.0
      ],
      "name": "arealight02",
      "skin": -1
    },
    {
      "matrix": [
        1.0,
        0.0,
        0.0,
        0.0,
        0.0,
        0.957826316356659,
        -0.287347882986069,
        0.0,
        0.0,
        0.287347882986069,
        0.957826316356659,
        0.0,
        0.0,
        4.0,
        10.0,
        1.0
      ],
      "mesh": -1,
      "name": "cam",
      "skin": -1
    },
    {
      "matrix": [
        1.0,
        0.0,
        0.0,
        0.0,
        0.0,
        0.957826316356659,
        -0.287347882986069,
        0.0,
        0.0,
        0.287347882986069,
        0.957826316356659,
        0.0,
        0.0,
        4.0,
        10.0,
        1.0
      ],
      "mesh": -1,
      "name": "cam_dof",
      "skin": -1
    }
  ],
  "scenes": [
    {
      "name": "scene",
      "nodes": [
        0,
        1,
        2,
        3,
        4,
        5,
        6
      ]
    }
  ],
  "textures": [
    {
      "sampler": -1
    },
    {
      "sampler": -1
    },
    {
      "sampler": -1
    }
  ]
}